# Created by Octave 5.1.0, Sat May 18 22:07:32 2019 GMT <unknown@DESKTOP-JMJ9CLV>
# name: w
# type: matrix
# rows: 1
# columns: 20
 0.30913715344325216 0.58788953139247335 0.18578015087403926 0.36714722102754577 0.093021882068114389 0.86963044032602022 0.84971338780862382 0.603573005255579 0.98585677474346756 0.66532618897289586 0.019699057648090258 0.3974539515274072 0.26816124986185835 0.75404009688238227 0.018512621786956496 0.31555754265197739 0.8740444401048344 0.2586604247625009 0.77328485579991801 0.69214959475243898


